0
0.01
0.021
0.031
0.041
0.052
0.062
0.072
0.083
0.093
0.103
0.113
0.123
0.133
0.144
0.154
0.164
0.174
0.184
0.195
0.205
0.215
0.225
0.236
0.246
0.256
0.266
0.277
0.287
0.297
0.308
0.318
0.328
0.338
0.349
0.359
0.375
0.385
0.395
0.406
0.416
0.426
0.436
0.447
0.457
0.467
0.478
0.488
0.498
0.509
0.519
0.529
0.54
0.55
0.56
0.571
0.581
0.591
0.602
0.612
0.622
0.632
0.643
0.653
0.663
0.674
0.684
0.695
0.707
0.717
0.728
0.738
0.748
0.758
0.769
0.779
0.789
0.799
0.81
0.82
0.831
0.841
0.851
0.862
0.872
0.882
0.893
0.903
0.913
0.923
0.934
0.945
0.955
0.965
0.975
0.986
0.996
1.007
1.017
1.028
1.038
1.051
1.061
1.072
1.082
1.092
1.103
1.113
1.124
1.134
1.144
1.155
1.165
1.175
1.186
1.196
1.206
1.217
1.227
1.237
1.248
1.258
1.268
1.279
1.289
1.3
1.31
1.32
1.331
1.341
1.352
1.362
1.373
1.383
1.393
1.403
1.414
1.424
1.434
1.444
1.455
1.465
1.475
1.486
1.496
1.506
1.516
1.527
1.537
1.547
1.558
1.568
1.578
1.588
1.599
1.609
1.619
1.63
1.64
1.65
1.661
1.671
1.682
1.692
1.706
1.717
1.727
1.738
1.748
1.758
1.768
1.779
1.789
1.8
1.81
1.82
1.831
1.841
1.851
1.865
1.876
1.886
1.896
1.907
1.917
1.927
1.937
1.948
1.958
1.968
1.978
1.989
1.999
2.009
2.023
2.033
2.043
2.054
2.064
2.074
2.085
2.095
2.106
2.116
2.126
2.137
2.147
2.158
2.168
2.178
2.19
2.2
2.213
2.224
2.234
2.245
2.255
2.265
2.276
2.286
2.296
2.307
2.317
2.327
2.338
2.35
2.36
2.372
2.385
2.396
2.406
2.416
2.427
2.437
2.448
2.458
2.468
2.478
2.489
2.499
2.509
2.52
2.53
2.541
2.551
2.561
2.571
2.582
2.592
2.602
2.613
2.623
2.633
2.644
2.654
2.664
2.674
2.685
2.695
2.705
2.716
2.726
2.736
2.746
2.756
2.767
2.777
2.787
2.797
2.807
2.818
2.828
2.838
2.848
2.859
2.869
2.879
2.889
2.9
2.91
2.92
2.931
2.941
2.951
2.962
2.972
2.982
2.993
3.003
3.013
3.023
3.034
3.044
3.054
3.065
3.075
3.085
3.096
3.106
3.116
3.127
3.137
3.147
3.157
3.168
3.178
3.188
3.199
3.209
3.219
3.23
3.24
3.25
3.261
3.271
3.281
3.292
3.302
3.313
3.323
3.333
3.344
3.354
3.364
3.375
3.385
3.395
3.406
3.416
3.426
3.436
3.447
3.457
3.467
3.478
3.488
3.499
3.509
3.519
3.529
3.54
3.55
3.56
3.57
3.581
3.591
3.601
3.611
3.622
3.632
3.643
3.653
3.663
3.674
3.684
3.694
3.705
3.715
3.725
3.736
3.746
3.756
3.767
3.777
3.788
3.798
3.808
3.819
3.83
3.843
3.853
3.863
3.874
3.884
3.894
3.905
3.915
3.925
3.936
3.946
3.957
3.967
3.982
3.993
4.003
4.013
4.024
4.034
4.044
4.055
4.065
4.075
4.085
4.096
4.106
4.116
4.127
4.137
4.149
4.16
4.172
4.184
4.195
4.206
4.217
4.227
4.237
4.248
4.258
4.268
4.279
4.289
4.299
4.312
4.322
4.333
4.343
4.353
4.364
4.374
4.385
4.395
4.405
4.416
4.427
4.437
4.447
4.457
4.468
4.483
4.493
4.503
4.513
4.524
4.534
4.544
4.555
4.565
4.575
4.585
4.596
4.606
4.616
4.626
4.637
4.647
4.657
4.667
4.678
4.688
4.698
4.709
4.719
4.729
4.74
4.75
4.76
4.77
4.781
4.791
4.804
4.814
4.824
4.835
4.845
4.855
4.866
4.876
4.886
4.896
4.906
4.917
4.927
4.937
4.947
4.958
4.968
4.978
4.989
4.999
5.009
5.019
5.03
5.04
5.05
5.061
5.071
5.081
5.092
5.102
5.112
5.122
5.133
5.146
5.158
5.169
5.179
5.189
5.199
5.21
5.22
5.23
5.24
5.251
5.261
5.272
5.282
5.292
5.303
5.313
5.324
5.334
5.344
5.354
5.365
5.375
5.385
5.396
5.406
5.416
5.426
5.437
5.447
5.457
5.468
5.478
5.488
5.498
5.509
5.519
5.529
5.54
5.55
5.56
5.571
5.581
5.591
5.602
5.612
5.622
5.633
5.643
5.653
5.664
5.674
5.684
5.695
5.705
5.715
5.726
5.736
5.746
5.756
5.766
5.777
5.792
5.802
5.821
5.831
5.841
5.851
5.862
5.872
5.882
5.892
5.903
5.913
5.923
5.933
5.944
5.954
5.964
5.976
5.986
5.996
6.006
6.017
6.027
6.037
6.047
6.057
6.068
6.078
6.088
6.099
6.109
6.119
6.13
6.14
6.15
6.16
6.17
6.181
6.191
6.201
6.211
6.222
6.232
6.242
6.252
6.263
6.273
6.288
6.299
6.309
6.319
6.33
6.34
6.35
6.361
6.371
6.382
6.392
6.403
6.413
6.423
6.434
6.444
6.457
6.467
6.477
6.488
6.498
6.508
6.519
6.529
6.539
6.549
6.56
6.57
6.58
6.591
6.601
6.611
6.622
6.632
6.642
6.653
6.663
6.673
6.684
6.694
6.704
6.715
6.725
6.736
6.746
6.756
6.767
6.779
6.789
6.799
6.81
6.82
6.83
6.841
6.851
6.861
6.872
6.882
6.892
6.903
6.913
6.924
6.937
6.948
6.96
6.971
6.981
6.991
7.002
7.012
7.022
7.033
7.043
7.053
7.064
7.074
7.084
7.095
7.106
7.116
7.127
7.137
7.147
7.157
7.168
7.178
7.188
7.198
7.209
7.219
7.229
7.239
7.25
7.26
7.27
7.28
7.291
7.301
7.311
7.321
7.332
7.342
7.352
7.362
7.372
7.383
7.393
7.403
7.413
7.423
7.434
7.444
7.454
7.464
7.475
7.485
7.495
7.506
7.516
7.526
7.537
7.547
7.557
7.567
7.578
7.588
7.6
7.61
7.62
7.63
7.641
7.651
7.661
7.671
7.682
7.692
7.702
7.713
7.723
7.733
7.743
7.754
7.764
7.774
7.785
7.795
7.805
7.815
7.825
7.836
7.846
7.856
7.866
7.877
7.887
7.897
7.908
7.918
7.928
7.939
7.949
7.959
7.97
7.98
7.99
8
8.01
8.021
8.031
8.041
8.052
8.062
8.072
8.082
8.093
8.103
8.113
8.124
8.134
8.144
8.155
8.165
8.175
8.186
8.196
8.206
8.217
8.227
8.237
8.248
8.258
8.268
8.278
8.289
8.299
8.309
8.32
8.33
8.34
8.351
8.361
8.371
8.381
8.392
8.402
8.412
8.423
8.433
8.443
8.453
8.464
8.474
8.484
8.494
8.505
8.515
8.525
8.535
8.545
8.556
8.566
8.576
8.587
8.597
8.607
8.617
8.627
8.638
8.648
8.658
8.668
8.679
8.689
8.699
8.709
8.72
8.732
8.742
8.752
8.763
8.773
8.783
8.793
8.804
8.814
8.824
8.835
8.845
8.855
8.866
8.876
8.89
8.9
8.911
8.921
8.931
8.942
8.952
8.962
8.973
8.983
8.994
9.004
9.014
9.024
9.035
9.045
9.056
9.066
9.076
9.087
9.097
9.107
9.117
9.128
9.138
9.149
9.159
9.169
9.179
9.19
9.2
9.21
9.22
9.231
9.241
9.251
9.262
9.272
9.282
9.293
9.303
9.313
9.323
9.334
9.344
9.354
9.364
9.374
9.385
9.395
9.405
9.415
9.426
9.436
9.446
9.457
9.467
9.477
9.487
9.498
9.508
9.518
9.529
9.539
9.549
9.559
9.569
9.58
9.59
9.6
9.61
9.621
9.631
9.642
9.652
9.662
9.672
9.683
9.693
9.703
9.714
9.724
9.734
9.744
9.755
9.765
9.775
9.786
9.796
9.806
9.817
9.827
9.837
9.847
9.858
9.868
9.878
9.888
9.899
9.909
9.919
9.929
9.939
9.95
9.96
9.97
9.981
9.991
10.001
10.011
10.022
10.032
10.042
10.053
10.063
10.073
10.083
10.094
10.104
10.114
10.124
10.134
10.145
10.155
10.165
10.175
10.185
10.196
10.206
10.216
10.227
10.237
10.247
10.257
10.267
10.278
10.288
10.298
10.308
10.319
10.329
10.339
10.35
10.36
10.37
10.38
10.391
10.407
10.417
10.427
10.438
10.448
10.458
10.468
10.479
10.489
10.499
10.509
10.519
10.53
10.54
10.55
10.561
10.571
10.581
10.591
10.601
10.612
10.622
10.632
10.643
10.653
10.663
10.674
10.684
10.694
10.705
10.715
10.725
10.736
10.746
10.756
10.766
10.776
10.787
10.797
10.807
10.83
10.84
10.85
10.861
10.871
10.882
10.892
10.903
10.914
10.924
10.934
10.945
10.956
10.966
10.976
10.986
10.997
11.007
11.017
11.028
11.038
11.048
11.059
11.069
11.079
11.09
11.1
11.11
11.12
11.131
11.141
11.151
11.162
11.172
11.182
11.193
11.203
11.214
11.224
11.235
11.245
11.255
11.266
11.276
11.287
11.297
11.307
11.317
11.328
11.338
11.349
11.359
11.37
11.38
11.392
11.402
11.413
11.423
11.433
11.444
11.454
11.464
11.475
11.485
11.495
11.506
11.516
11.526
11.537
11.547
11.563
11.573
11.584
11.594
11.604
11.614
11.625
11.635
11.645
11.656
11.666
11.676
11.687
11.697
11.707
11.717
11.728
11.742
11.752
11.764
11.776
11.789
11.8
11.813
11.824
11.836
11.848
11.859
11.871
11.883
11.893
11.903
11.914
11.925
11.937
11.947
11.958
11.968
11.978
11.989
12
12.01
12.02
12.03
12.041
12.051
12.061
12.073
12.083
12.094
12.104
12.114
12.125
12.135
12.146
12.156
12.166
12.177
12.187
12.197
12.208
12.218
12.228
12.239
12.249
12.259
12.27
12.28
12.29
12.301
12.311
12.321
12.332
12.342
12.353
12.363
12.373
12.384
12.394
12.404
12.415
12.425
12.435
12.446
12.456
12.466
12.477
12.487
12.498
12.508
12.518
12.529
12.539
12.549
12.562
12.573
12.583
12.593
12.604
12.614
12.624
12.634
12.645
12.655
12.666
12.676
12.686
12.696
12.706
12.717
12.727
12.738
12.748
12.758
12.769
12.779
12.789
12.799
12.809
12.82
12.83
12.84
12.85
12.861
12.871
12.881
12.897
12.907
12.918
12.928
12.938
12.949
12.959
12.969
12.98
12.99
13
13.011
13.021
13.032
13.042
13.052
13.062
13.073
13.083
13.093
13.104
13.114
13.124
13.135
13.145
13.156
13.166
13.177
13.187
13.198
13.208
13.222
13.233
13.244
13.254
13.264
13.274
13.285
13.295
13.306
13.316
13.326
13.337
13.347
13.357
13.368
13.378
13.392
13.403
13.413
13.423
13.434
13.444
13.454
13.465
13.475
13.485
13.496
13.506
13.516
13.527
13.537
13.547
13.558
13.568
13.578
13.589
13.599
13.609
13.62
13.63
13.64
13.651
13.661
13.671
13.682
13.692
13.702
13.713
13.723
13.734
13.744
13.754
13.765
13.775
13.785
13.795
13.806
13.816
13.826
13.837
13.847
13.857
13.868
13.88
13.89
13.9
13.911
13.921
13.931
13.942
13.952
13.962
13.973
13.983
13.993
14.003
14.014
14.024
14.039
14.049
14.059
14.07
14.08
14.09
14.101
14.111
14.121
14.132
14.142
14.152
14.163
14.173
14.183
14.194
14.204
14.214
14.224
14.235
14.245
14.256
14.266
14.277
14.287
14.297
14.308
14.318
14.328
14.339
14.349
14.359
14.37
14.38
14.391
14.401
14.411
14.421
14.432
14.442
14.452
14.462
14.473
14.483
14.493
14.504
14.514
14.525
14.535
14.545
14.556
14.566
14.576
14.586
14.597
14.607
14.617
14.627
14.638
14.648
14.658
14.668
14.679
14.69
14.7
14.712
14.724
14.736
14.748
14.761
14.773
14.785
14.796
14.808
14.819
14.83
14.841
14.851
14.861
14.874
14.885
14.897
14.909
14.921
14.932
14.945
14.956
14.968
14.979
14.99
15.002
15.013
15.023
15.033
15.045
15.057
15.067
15.08
15.092
15.104
15.115
15.127
15.138
15.148
15.158
15.168
15.179
15.189
15.199
15.209
15.22
15.23
15.24
15.25
15.261
15.271
15.281
15.291
15.302
15.312
15.322
15.333
15.343
15.353
15.363
15.374
15.384
15.395
15.405
15.415
15.425
15.436
15.446
15.456
15.467
15.477
15.487
15.498
15.508
15.518
15.529
15.539
15.549
15.559
15.57
15.58
15.591
15.601
15.611
15.622
15.632
15.642
15.653
15.663
15.674
15.684
15.694
15.704
15.715
15.725
15.735
15.746
15.756
15.766
15.776
15.787
15.797
15.807
15.83
15.84
15.85
15.86
15.871
15.881
15.891
15.902
15.912
15.922
15.932
15.942
15.953
15.963
15.973
15.983
15.994
16.004
16.018
16.028
16.038
16.049
16.059
16.069
16.079
16.09
16.1
16.11
16.12
16.131
16.141
16.151
16.161
16.172
16.182
16.192
16.202
16.213
16.223
16.233
16.243
16.254
16.264
16.274
16.284
16.295
16.305
16.315
16.326
16.336
16.351
16.362
16.372
16.382
16.392
16.403
16.413
16.423
16.433
16.444
16.454
16.465
16.475
16.486
16.496
16.506
16.517
16.527
16.537
16.548
16.558
16.568
16.578
16.589
16.599
16.609
16.619
16.629
16.639
16.65
16.66
16.67
16.68
16.691
16.701
16.711
16.722
16.732
16.743
16.753
16.763
16.773
16.784
16.794
16.804
16.814
16.824
16.835
16.845
16.855
16.865
16.876
16.886
16.896
16.907
16.917
16.927
16.937
16.948
16.958
16.968
16.978
16.989
16.999
17.009
17.02
17.03
17.04
17.051
17.061
17.071
17.082
17.092
17.102
17.113
17.123
17.133
17.144
17.154
17.164
17.175
17.185
17.195
17.206
17.216
17.226
17.237
17.247
17.257
17.267
17.278
17.288
17.298
17.309
17.319
17.329
17.339
17.35
17.36
17.37
17.381
17.391
17.401
17.411
17.421
17.432
17.442
17.453
17.463
17.473
17.483
17.494
17.504
17.514
17.524
17.535
17.545
17.555
17.566
17.576
17.586
17.597
17.607
17.617
17.627
17.638
17.648
17.658
17.669
17.679
17.693
17.704
17.714
17.724
17.734
17.745
17.755
17.765
17.775
17.786
17.796
17.806
17.817
17.827
17.837
17.848
17.858
17.868
17.879
17.889
17.899
17.909
17.92
17.93
17.94
17.951
17.961
17.971
17.982
17.992
18.002
18.012
18.023
18.033
18.043
18.054
18.064
18.074
18.085
18.095
18.106
18.116
18.126
18.136
18.147
18.157
18.168
18.178
18.192
18.203
18.213
18.223
18.234
18.244
18.254
18.265
18.275
18.285
18.296
18.306
18.317
18.327
18.338
18.349
18.36
18.37
18.381
18.391
18.401
18.412
18.422
18.432
18.443
18.453
18.463
18.474
18.484
18.495
18.509
18.52
18.53
18.541
18.551
18.561
18.571
18.582
18.592
18.602
18.612
18.623
18.633
18.643
18.653
18.664
18.674
18.684
18.695
18.705
18.716
18.726
18.736
18.747
18.757
18.767
18.777
18.788
18.798
18.808
18.819
18.829
18.839
18.85
18.86
18.87
18.88
18.891
18.901
18.911
18.922
18.932
18.942
18.953
18.963
18.973
18.984
18.994
19.004
19.015
19.027
19.038
19.05
19.061
19.074
19.086
19.098
19.11
19.122
19.134
19.147
19.157
19.167
19.178
19.189
19.201
19.211
19.222
19.232
19.242
19.253
19.263
19.273
19.284
19.294
19.304
19.314
19.324
19.335
19.345
19.356
19.366
19.377
19.387
19.398
19.408
19.418
19.428
19.439
19.449
19.46
19.47
19.481
19.491
19.501
19.512
19.522
19.532
19.543
19.553
19.564
19.574
19.584
19.595
19.605
19.615
19.626
19.636
19.646
19.657
19.667
19.677
19.688
19.698
19.708
19.718
19.729
19.739
19.749
19.76
19.77
19.781
19.791
19.801
19.812
19.826
19.836
19.847
19.857
19.867
19.878
19.888
19.898
19.908
19.919
19.929
19.94
19.95
19.96
19.971
19.981
19.991
20.002
20.012
20.022
20.032
20.042
20.053
20.063
20.074
20.084
20.094
20.105
20.115
20.125
20.135
20.146
20.156
20.167
20.177
20.187
20.197
20.208
20.218
20.228
20.238
20.249
20.259
20.269
20.279
20.29
20.3
20.31
20.32
20.331
20.341
20.351
20.362
20.372
20.382
20.393
20.403
20.413
20.423
20.434
20.444
20.455
20.465
20.48
20.491
20.501
20.511
20.521
20.532
20.542
20.553
20.563
20.573
20.584
20.594
20.604
20.615
20.625
20.636
20.65
20.66
20.671
20.681
20.691
20.702
20.712
20.722
20.733
20.743
20.754
20.764
20.774
20.784
20.795
20.805
20.815
20.833
20.843
20.853
20.864
20.874
20.884
20.894
20.905
20.915
20.925
20.936
20.946
20.956
20.967
20.977
20.99
21
21.01
21.02
21.031
21.041
21.052
21.062
21.072
21.083
21.093
21.104
21.114
21.124
21.135
21.145
21.156
21.166
21.177
21.187
21.197
21.208
21.218
21.228
21.238
21.248
21.258
21.269
21.279
21.29
21.3
21.31
21.321
21.331
21.342
21.352
21.362
21.372
21.382
21.393
21.403
21.414
21.424
21.434
21.445
21.455
21.465
21.476
21.486
21.496
21.507
21.517
21.528
21.538
21.549
21.559
21.569
21.58
21.59
21.6
21.611
21.621
21.631
21.642
21.652
21.662
21.673
21.683
21.693
21.704
21.714
21.724
21.734
21.745
21.755
21.765
21.775
21.786
21.796
21.806
21.816
21.827
21.837
21.847
21.857
21.868
21.878
21.888
21.899
21.909
21.919
21.93
21.94
21.95
21.961
21.971
21.982
21.992
22.002
22.013
22.023
22.033
22.043
22.054
22.064
22.074
22.085
22.095
22.105
22.115
22.125
22.14
22.151
22.161
22.171
22.181
22.191
22.201
22.212
22.222
22.232
22.242
22.253
22.263
22.273
22.283
22.294
22.304
22.314
22.325
22.335
22.345
22.355
22.366
22.376
22.387
22.397
22.407
22.417
22.428
22.438
22.448
22.459
22.469
22.479
22.49
22.5
22.51
22.521
22.531
22.541
22.552
22.562
22.573
22.583
22.593
22.604
22.614
22.624
22.635
22.646
22.658
22.669
22.681
22.693
22.705
22.718
22.732
22.744
22.758
22.77
22.781
22.791
22.804
22.815
22.827
22.839
22.851
22.863
22.875
22.886
22.898
22.909
22.921
22.933
22.947
22.958
22.968
22.978
22.988
22.999
23.009
23.02
23.03
23.041
23.051
23.061
23.071
23.082
23.092
23.106
23.116
23.127
23.137
23.147
23.158
23.168
23.179
23.189
23.199
23.21
23.22
23.231
23.242
23.252
23.268
23.278
23.289
23.299
23.309
23.32
23.33
23.34
23.351
23.361
23.371
23.391
23.401
23.411
23.422
23.432
23.442
23.452
23.462
23.473
23.483
23.493
23.504
23.514
23.524
23.535
23.545
23.555
23.566
23.576
23.587
23.599
23.609
23.619
23.63
23.64
23.65
23.661
23.671
23.681
23.692
23.702
23.712
23.722
23.733
23.744
23.754
23.765
23.775
23.785
23.795
23.806
23.816
23.827
23.837
23.847
23.858
23.868
23.879
23.889
23.899
23.91
23.92
23.931
23.941
23.951
23.962
23.972
23.983
23.993
24.003
24.013
24.024
24.034
24.045
24.055
24.065
24.075
24.085
24.096
24.106
24.117
24.127
24.137
24.147
24.158
24.168
24.178
24.188
24.199
24.209
24.219
24.229
24.24
24.25
24.26
24.274
24.284
24.295
24.305
24.315
24.326
24.336
24.346
24.357
24.367
24.377
24.388
24.398
24.408
24.419
24.432
24.442
24.452
24.463
24.473
24.483
24.494
24.504
24.515
24.525
24.535
24.545
24.556
24.566
24.576
24.587
24.602
24.612
24.623
24.633
24.643
24.654
24.664
24.674
24.685
24.695
24.705
24.715
24.726
24.736
24.747
24.758
24.77
24.78
24.791
24.801
24.812
24.822
24.833
24.843
24.853
24.864
24.874
24.885
24.895
24.905
24.916
24.926
24.936
24.947
24.957
24.967
24.978
24.988
24.999
25.009
25.019
25.029
25.04
25.05
25.061
25.071
25.081
25.096
25.106
25.116
25.127
25.137
25.147
25.157
25.168
25.178
25.188
25.198
25.209
25.219
25.229
25.24
25.25
25.26
25.271
25.281
25.291
25.301
25.312
25.322
25.332
25.343
25.353
25.363
25.374
25.384
25.395
25.405
25.416
25.426
25.436
25.447
25.457
25.467
25.478
25.488
25.498
25.509
25.519
25.529
25.54
25.55
25.56
25.571
25.582
25.592
25.603
25.613
25.623
25.634
25.644
25.654
25.664
25.675
25.685
25.695
25.705
25.716
25.726
25.736
25.747
25.757
25.767
25.778
25.788
25.798
25.809
25.819
25.832
25.842
25.853
25.863
25.873
25.883
25.893
25.905
25.915
25.925
25.936
25.946
25.957
25.967
25.977
25.987
25.998
26.008
26.018
26.029
26.039
